# Atmospheric Parameters, from z=-10Mm to z=68Mm
#
# Below z=-100km, HSRASP
# Above z=-100km, Model C7 from Avrett and Loeser 2008
# HSRASP: Chapman ApJ 232 923 (1979)
# DOI: 10.1086/157355
# Model C7: Eugene H. Avrett and Rudolf Loeser ApJS 175 229 (2008)
# DOI: 10.1086/523671
#
# 0: z[km] height from z=0km, where z=0km is where tau_5000=1
# 1: T[K]
# 2: P_gas[dyn/cm^2] gas pressure
# 3: rho_tot[g/cm^3] total mass density
# 4: nH[1/cm^3] total hydrogen number density
# 5: mu[a.m.u.] mean molecular weight
# 6: X_H Hydrogen mass fraction
#
# z, T, P_gas, rho_tot, nH, mu, X_H
6.80844e+09 1.58600e+06 3.14200e-02 1.46082e-16 6.23300e+07 1.27300e+00 7.14061e-01
4.70093e+09 1.41000e+06 4.13100e-02 2.16017e-16 9.21700e+07 1.27300e+00 7.14061e-01
3.60795e+09 1.29400e+06 4.82700e-02 2.75148e-16 1.17400e+08 1.27300e+00 7.14061e-01
2.66766e+09 1.17000e+06 5.58300e-02 3.52021e-16 1.50200e+08 1.27300e+00 7.14061e-01
2.11331e+09 1.08000e+06 6.12700e-02 4.18582e-16 1.78600e+08 1.27300e+00 7.14061e-01
1.53920e+09 9.63700e+05 6.80100e-02 5.20532e-16 2.22100e+08 1.27300e+00 7.14061e-01
1.15962e+09 8.65000e+05 7.33300e-02 6.25060e-16 2.66700e+08 1.27300e+00 7.14061e-01
8.97424e+08 7.78300e+05 7.75600e-02 7.34744e-16 3.13500e+08 1.27300e+00 7.14061e-01
7.36082e+08 7.11700e+05 8.04400e-02 8.33413e-16 3.55600e+08 1.27300e+00 7.14061e-01
5.76283e+08 6.29300e+05 8.35500e-02 9.78956e-16 4.17700e+08 1.27300e+00 7.14061e-01
4.96864e+08 5.77400e+05 8.51600e-02 1.08770e-15 4.64100e+08 1.27300e+00 7.14061e-01
4.29586e+08 5.24300e+05 8.65300e-02 1.21707e-15 5.19300e+08 1.27300e+00 7.14061e-01
3.75271e+08 4.71600e+05 8.75700e-02 1.36918e-15 5.84200e+08 1.27300e+00 7.14061e-01
3.42499e+08 4.32900e+05 8.81000e-02 1.50066e-15 6.40300e+08 1.27300e+00 7.14061e-01
3.13379e+08 3.92000e+05 8.84200e-02 1.66308e-15 7.09600e+08 1.27300e+00 7.14061e-01
2.97076e+08 3.65000e+05 8.84700e-02 1.78706e-15 7.62500e+08 1.27300e+00 7.14061e-01
2.84440e+08 3.41300e+05 8.84000e-02 1.90987e-15 8.14900e+08 1.27300e+00 7.14061e-01
2.76149e+08 3.24000e+05 8.82700e-02 2.00877e-15 8.57100e+08 1.27300e+00 7.14061e-01
2.68810e+08 3.07300e+05 8.80800e-02 2.11353e-15 9.01800e+08 1.27300e+00 7.14061e-01
2.62832e+08 2.92500e+05 8.78500e-02 2.21501e-15 9.45100e+08 1.27300e+00 7.14061e-01
2.57823e+08 2.79000e+05 8.75800e-02 2.31462e-15 9.87600e+08 1.27300e+00 7.14061e-01
2.53547e+08 2.66700e+05 8.74800e-02 2.41868e-15 1.03200e+09 1.27300e+00 7.14061e-01
2.49556e+08 2.54400e+05 8.74400e-02 2.53586e-15 1.08200e+09 1.27300e+00 7.14061e-01
2.45790e+08 2.41900e+05 8.73700e-02 2.66477e-15 1.13700e+09 1.27300e+00 7.14061e-01
2.41866e+08 2.27800e+05 8.72600e-02 2.82414e-15 1.20500e+09 1.27300e+00 7.14061e-01
2.37819e+08 2.12000e+05 8.71000e-02 3.03038e-15 1.29300e+09 1.27300e+00 7.14061e-01
2.34610e+08 1.98100e+05 8.69200e-02 3.23428e-15 1.38000e+09 1.27300e+00 7.14061e-01
2.32578e+08 1.88600e+05 8.67700e-02 3.39131e-15 1.44700e+09 1.27300e+00 7.14061e-01
2.30855e+08 1.80100e+05 8.66200e-02 3.54599e-15 1.51300e+09 1.27300e+00 7.14061e-01
2.29437e+08 1.72600e+05 8.64700e-02 3.69364e-15 1.57600e+09 1.27300e+00 7.14061e-01
2.28238e+08 1.66000e+05 8.63300e-02 3.83661e-15 1.63700e+09 1.27300e+00 7.14061e-01
2.26969e+08 1.58600e+05 8.61500e-02 4.00770e-15 1.71000e+09 1.27300e+00 7.14061e-01
2.25943e+08 1.52300e+05 8.59900e-02 4.16707e-15 1.77800e+09 1.27300e+00 7.14061e-01
2.25164e+08 1.47200e+05 8.58600e-02 4.30300e-15 1.83600e+09 1.27300e+00 7.14061e-01
2.24332e+08 1.41600e+05 8.56900e-02 4.46471e-15 1.90500e+09 1.27300e+00 7.14061e-01
2.23529e+08 1.35800e+05 8.55200e-02 4.64518e-15 1.98200e+09 1.27300e+00 7.14061e-01
2.22774e+08 1.30200e+05 8.53100e-02 4.83736e-15 2.06400e+09 1.27300e+00 7.14061e-01
2.22004e+08 1.24000e+05 8.50600e-02 5.06235e-15 2.16000e+09 1.27300e+00 7.14061e-01
2.21374e+08 1.18700e+05 8.48300e-02 5.27563e-15 2.25100e+09 1.27300e+00 7.14061e-01
2.20766e+08 1.13200e+05 8.45700e-02 5.51468e-15 2.35300e+09 1.27300e+00 7.14061e-01
2.20192e+08 1.07800e+05 8.43000e-02 5.77718e-15 2.46500e+09 1.27300e+00 7.14061e-01
2.19652e+08 1.02300e+05 8.40100e-02 6.06779e-15 2.58900e+09 1.27300e+00 7.14061e-01
2.19146e+08 9.68600e+04 8.37000e-02 6.39122e-15 2.72700e+09 1.27300e+00 7.14061e-01
2.18608e+08 9.06400e+04 8.33200e-02 6.80605e-15 2.90400e+09 1.27300e+00 7.14061e-01
2.18244e+08 8.61200e+04 8.30300e-02 7.14589e-15 3.04900e+09 1.27300e+00 7.14061e-01
2.17874e+08 8.12200e+04 8.26900e-02 7.55838e-15 3.22500e+09 1.27300e+00 7.14061e-01
2.17528e+08 7.63300e+04 8.23400e-02 8.02008e-15 3.42200e+09 1.27300e+00 7.14061e-01
2.17232e+08 7.18100e+04 8.20000e-02 8.50288e-15 3.62800e+09 1.27300e+00 7.14061e-01
2.16999e+08 6.80000e+04 8.17000e-02 8.95755e-15 3.82200e+09 1.27300e+00 7.14061e-01
2.16769e+08 6.39500e+04 8.13700e-02 9.50129e-15 4.05400e+09 1.27300e+00 7.14061e-01
2.16603e+08 6.07900e+04 8.11200e-02 9.97237e-15 4.25500e+09 1.27300e+00 7.14061e-01
2.16456e+08 5.77900e+04 8.08800e-02 1.04716e-14 4.46800e+09 1.27300e+00 7.14061e-01
2.16329e+08 5.50200e+04 8.06500e-02 1.09778e-14 4.68400e+09 1.27300e+00 7.14061e-01
2.16229e+08 5.26900e+04 8.04600e-02 1.14489e-14 4.88500e+09 1.27300e+00 7.14061e-01
2.16126e+08 5.01400e+04 8.02500e-02 1.20161e-14 5.12700e+09 1.27300e+00 7.14061e-01
2.16063e+08 4.84900e+04 8.01200e-02 1.24145e-14 5.29700e+09 1.27300e+00 7.14061e-01
2.16001e+08 4.68000e+04 7.99900e-02 1.28528e-14 5.48400e+09 1.27300e+00 7.14061e-01
2.15942e+08 4.51400e+04 7.98600e-02 1.33191e-14 5.68300e+09 1.27300e+00 7.14061e-01
2.15884e+08 4.34000e+04 7.97400e-02 1.38465e-14 5.90800e+09 1.27300e+00 7.14061e-01
2.15821e+08 4.14500e+04 7.96000e-02 1.44957e-14 6.18500e+09 1.27300e+00 7.14061e-01
2.15757e+08 3.94000e+04 7.94800e-02 1.52527e-14 6.50800e+09 1.27300e+00 7.14061e-01
2.15682e+08 3.68700e+04 7.93500e-02 1.63073e-14 6.95800e+09 1.27300e+00 7.14061e-01
2.15616e+08 3.45800e+04 7.93100e-02 1.74206e-14 7.43300e+09 1.27300e+00 7.14061e-01
2.15550e+08 3.22600e+04 7.92700e-02 1.87143e-14 7.98500e+09 1.27300e+00 7.14061e-01
2.15473e+08 2.95000e+04 7.92200e-02 2.05236e-14 8.75700e+09 1.27300e+00 7.14061e-01
2.15407e+08 2.71300e+04 7.91600e-02 2.23751e-14 9.54700e+09 1.27300e+00 7.14061e-01
2.15348e+08 2.51200e+04 7.90700e-02 2.42102e-14 1.03300e+10 1.27300e+00 7.14061e-01
2.15287e+08 2.31000e+04 7.89100e-02 2.63664e-14 1.12500e+10 1.27300e+00 7.14061e-01
2.15203e+08 2.05100e+04 7.86900e-02 2.97413e-14 1.26900e+10 1.27300e+00 7.14061e-01
2.15116e+08 1.81400e+04 7.84400e-02 3.36787e-14 1.43700e+10 1.27300e+00 7.14061e-01
2.15012e+08 1.57600e+04 7.81100e-02 3.89754e-14 1.66300e+10 1.27300e+00 7.14061e-01
2.14865e+08 1.32000e+04 7.75600e-02 4.70846e-14 2.00900e+10 1.27300e+00 7.14061e-01
2.14705e+08 1.09800e+04 7.56500e-02 5.78655e-14 2.46900e+10 1.27300e+00 7.14061e-01
2.14516e+08 9.11500e+03 7.33800e-02 7.46932e-14 3.18700e+10 1.27300e+00 7.14061e-01
2.14193e+08 7.95000e+03 7.23900e-02 8.86849e-14 3.78400e+10 1.27300e+00 7.14061e-01
2.13800e+08 7.24800e+03 7.23800e-02 9.85284e-14 4.20400e+10 1.27300e+00 7.14061e-01
2.13600e+08 6.99200e+03 7.25300e-02 1.02841e-13 4.38800e+10 1.27300e+00 7.14061e-01
2.13400e+08 6.87000e+03 7.28800e-02 1.05302e-13 4.49300e+10 1.27300e+00 7.14061e-01
2.13200e+08 6.80000e+03 7.33100e-02 1.06989e-13 4.56500e+10 1.27300e+00 7.14061e-01
2.13000e+08 6.76800e+03 7.38100e-02 1.08091e-13 4.61200e+10 1.27300e+00 7.14061e-01
2.12600e+08 6.74000e+03 7.48600e-02 1.09802e-13 4.68500e+10 1.27300e+00 7.14061e-01
2.12000e+08 6.71800e+03 7.64900e-02 1.12098e-13 4.78300e+10 1.27300e+00 7.14061e-01
2.11000e+08 6.70600e+03 7.93200e-02 1.15872e-13 4.94400e+10 1.27300e+00 7.14061e-01
2.09800e+08 6.70000e+03 8.28900e-02 1.20770e-13 5.15300e+10 1.27300e+00 7.14061e-01
2.08300e+08 6.69400e+03 8.76100e-02 1.27449e-13 5.43800e+10 1.27300e+00 7.14061e-01
2.05500e+08 6.68600e+03 9.71900e-02 1.41605e-13 6.04200e+10 1.27300e+00 7.14061e-01
2.02400e+08 6.68000e+03 1.09100e-01 1.60378e-13 6.84300e+10 1.27300e+00 7.14061e-01
1.98900e+08 6.67400e+03 1.24700e-01 1.85549e-13 7.91700e+10 1.27300e+00 7.14061e-01
1.94600e+08 6.66700e+03 1.47500e-01 2.23658e-13 9.54300e+10 1.27300e+00 7.14061e-01
1.89400e+08 6.66000e+03 1.81700e-01 2.83586e-13 1.21000e+11 1.27300e+00 7.14061e-01
1.82000e+08 6.65200e+03 2.48000e-01 4.05457e-13 1.73000e+11 1.27300e+00 7.14061e-01
1.72200e+08 6.64300e+03 3.83200e-01 6.71231e-13 2.86400e+11 1.27300e+00 7.14061e-01
1.61700e+08 6.63300e+03 6.36800e-01 1.21168e-12 5.17000e+11 1.27300e+00 7.14061e-01
1.52000e+08 6.62300e+03 1.06100e+00 2.16931e-12 9.25600e+11 1.27300e+00 7.14061e-01
1.39800e+08 6.61000e+03 2.15100e+00 4.71549e-12 2.01200e+12 1.27300e+00 7.14061e-01
1.29900e+08 6.59800e+03 3.92300e+00 8.85912e-12 3.78000e+12 1.27300e+00 7.14061e-01
1.21400e+08 6.57600e+03 6.64000e+00 1.52058e-11 6.48800e+12 1.27300e+00 7.14061e-01
1.14300e+08 6.53100e+03 1.03800e+01 2.40931e-11 1.02800e+13 1.27300e+00 7.14061e-01
1.10100e+08 6.47400e+03 1.35600e+01 3.18741e-11 1.36000e+13 1.27300e+00 7.14061e-01
1.06500e+08 6.40000e+03 1.71200e+01 4.08269e-11 1.74200e+13 1.27300e+00 7.14061e-01
1.03200e+08 6.31500e+03 2.12600e+01 5.15141e-11 2.19800e+13 1.27300e+00 7.14061e-01
1.00300e+08 6.22500e+03 2.58000e+01 6.35372e-11 2.71100e+13 1.27300e+00 7.14061e-01
9.71000e+07 6.10000e+03 3.20600e+01 8.07399e-11 3.44500e+13 1.27300e+00 7.14061e-01
9.46000e+07 5.96900e+03 3.81300e+01 9.82706e-11 4.19300e+13 1.27300e+00 7.14061e-01
9.00000e+07 5.72000e+03 5.30600e+01 1.42894e-10 6.09700e+13 1.27300e+00 7.14061e-01
8.54000e+07 5.43000e+03 7.50400e+01 2.13088e-10 9.09200e+13 1.27300e+00 7.14061e-01
8.00000e+07 5.09000e+03 1.15600e+02 3.50381e-10 1.49500e+14 1.27300e+00 7.14061e-01
7.50000e+07 4.84000e+03 1.76800e+02 5.63656e-10 2.40500e+14 1.27300e+00 7.14061e-01
7.00000e+07 4.64000e+03 2.75900e+02 9.17317e-10 3.91400e+14 1.27300e+00 7.14061e-01
6.60000e+07 4.51000e+03 3.99000e+02 1.36519e-09 5.82500e+14 1.27300e+00 7.14061e-01
6.15000e+07 4.43500e+03 6.10200e+02 2.12314e-09 9.05900e+14 1.27300e+00 7.14061e-01
5.60000e+07 4.40000e+03 1.03200e+03 3.62099e-09 1.54500e+15 1.27300e+00 7.14061e-01
5.25000e+07 4.41000e+03 1.44400e+03 5.05298e-09 2.15600e+15 1.27300e+00 7.14061e-01
4.90000e+07 4.43500e+03 2.01700e+03 7.01698e-09 2.99400e+15 1.27300e+00 7.14061e-01
4.50000e+07 4.48500e+03 2.94500e+03 1.01341e-08 4.32400e+15 1.27300e+00 7.14061e-01
4.00000e+07 4.59000e+03 4.69000e+03 1.57706e-08 6.72900e+15 1.27300e+00 7.14061e-01
3.50000e+07 4.70000e+03 7.38700e+03 2.42571e-08 1.03500e+16 1.27300e+00 7.14061e-01
3.00000e+07 4.80500e+03 1.15100e+04 3.69833e-08 1.57800e+16 1.27300e+00 7.14061e-01
2.50000e+07 4.90700e+03 1.77400e+04 5.58031e-08 2.38100e+16 1.27300e+00 7.14061e-01
2.00000e+07 5.01000e+03 2.70200e+04 8.32476e-08 3.55200e+16 1.27300e+00 7.14061e-01
1.75000e+07 5.08000e+03 3.31900e+04 1.00849e-07 4.30300e+16 1.27300e+00 7.14061e-01
1.50000e+07 5.16500e+03 4.06000e+04 1.21356e-07 5.17800e+16 1.27300e+00 7.14061e-01
1.25000e+07 5.28800e+03 4.94200e+04 1.44277e-07 6.15600e+16 1.27300e+00 7.14061e-01
1.00000e+07 5.43100e+03 5.97900e+04 1.69940e-07 7.25100e+16 1.27300e+00 7.14061e-01
7.50000e+06 5.60700e+03 7.18600e+04 1.97830e-07 8.44100e+16 1.27300e+00 7.14061e-01
5.00000e+06 5.82600e+03 8.57000e+04 2.27033e-07 9.68700e+16 1.27300e+00 7.14061e-01
3.50000e+06 6.00600e+03 9.48900e+04 2.43743e-07 1.04000e+17 1.27300e+00 7.14061e-01
2.00000e+06 6.23100e+03 1.04700e+05 2.59446e-07 1.10700e+17 1.27300e+00 7.14061e-01
1.00000e+06 6.39700e+03 1.11600e+05 2.69289e-07 1.14900e+17 1.27300e+00 7.14061e-01
0.00000e+00 6.58300e+03 1.18800e+05 2.78429e-07 1.18800e+17 1.27300e+00 7.14061e-01
-1.00000e+06 6.78000e+03 1.26100e+05 2.86632e-07 1.22300e+17 1.27300e+00 7.14061e-01
-2.00000e+06 7.02000e+03 1.33600e+05 2.93195e-07 1.25100e+17 1.27300e+00 7.14061e-01
-3.00000e+06 7.28000e+03 1.41100e+05 2.98585e-07 1.27400e+17 1.27300e+00 7.14061e-01
-4.00000e+06 7.59000e+03 1.48900e+05 3.01632e-07 1.28700e+17 1.27300e+00 7.14061e-01
-5.00000e+06 7.90000e+03 1.57000e+05 3.05382e-07 1.30300e+17 1.27300e+00 7.14061e-01
-6.00000e+06 8.22000e+03 1.65400e+05 3.08194e-07 1.31500e+17 1.27300e+00 7.14061e-01
-7.00000e+06 8.54000e+03 1.73800e+05 3.10772e-07 1.32600e+17 1.27300e+00 7.14061e-01
-8.00000e+06 8.85000e+03 1.82300e+05 3.13116e-07 1.33600e+17 1.27300e+00 7.14061e-01
-9.00000e+06 9.12000e+03 1.90900e+05 3.16631e-07 1.35100e+17 1.27300e+00 7.14061e-01
-1.00000e+07 9.38000e+03 1.99500e+05 3.20147e-07 1.36600e+17 1.27300e+00 7.14061e-01
-1.13900e+07 9.65300e+03 2.27800e+05 3.55400e-07 1.55192e+17 1.25300e+00 7.30779e-01
-1.41500e+07 1.00100e+04 2.55600e+05 3.80900e-07 1.68669e+17 1.24100e+00 7.41069e-01
-1.70300e+07 1.03100e+04 2.86700e+05 4.10900e-07 1.84529e+17 1.22900e+00 7.51560e-01
-2.00100e+07 1.05800e+04 3.21700e+05 4.45400e-07 2.02630e+17 1.21800e+00 7.61357e-01
-2.30900e+07 1.08400e+04 3.61000e+05 4.83800e-07 2.22720e+17 1.20800e+00 7.70419e-01
-2.62800e+07 1.10800e+04 4.05000e+05 5.26200e-07 2.45428e+17 1.19700e+00 7.80563e-01
-2.95600e+07 1.13100e+04 4.54500e+05 5.73200e-07 2.70564e+17 1.18700e+00 7.89947e-01
-3.29300e+07 1.15400e+04 5.09900e+05 6.24900e-07 2.98891e+17 1.17600e+00 8.00454e-01
-3.64100e+07 1.17600e+04 5.72100e+05 6.82000e-07 3.30164e+17 1.16600e+00 8.10177e-01
-3.99800e+07 1.19800e+04 6.41900e+05 7.44700e-07 3.64920e+17 1.15600e+00 8.20069e-01
-4.36400e+07 1.21900e+04 7.20300e+05 8.13900e-07 4.03724e+17 1.14600e+00 8.30134e-01
-4.74100e+07 1.24100e+04 8.08200e+05 8.89900e-07 4.46869e+17 1.13600e+00 8.40376e-01
-5.12700e+07 1.26200e+04 9.06800e+05 9.73500e-07 4.94302e+17 1.12700e+00 8.49749e-01
-5.52200e+07 1.28300e+04 1.01700e+06 1.06600e-06 5.47336e+17 1.11800e+00 8.59273e-01
-5.92800e+07 1.30400e+04 1.14200e+06 1.16700e-06 6.05943e+17 1.10900e+00 8.68951e-01
-6.34300e+07 1.32500e+04 1.28100e+06 1.27800e-06 6.71932e+17 1.09900e+00 8.79891e-01
-6.76900e+07 1.34600e+04 1.43700e+06 1.40000e-06 7.43518e+17 1.09100e+00 8.88787e-01
-7.20400e+07 1.36700e+04 1.61300e+06 1.53500e-06 8.24538e+17 1.08200e+00 8.98953e-01
-7.65000e+07 1.38800e+04 1.80900e+06 1.68200e-06 9.13889e+17 1.07300e+00 9.09289e-01
-8.10600e+07 1.40900e+04 2.03000e+06 1.84400e-06 1.01219e+18 1.06500e+00 9.18623e-01
-8.57300e+07 1.43100e+04 2.27800e+06 2.02300e-06 1.12190e+18 1.05700e+00 9.28098e-01
-9.05000e+07 1.45300e+04 2.55600e+06 2.21900e-06 1.24336e+18 1.04900e+00 9.37718e-01
-9.53900e+07 1.47500e+04 2.86700e+06 2.43400e-06 1.37803e+18 1.04100e+00 9.47486e-01
-1.00400e+08 1.49800e+04 3.21700e+06 2.66900e-06 1.52690e+18 1.03300e+00 9.57406e-01
-1.05500e+08 1.52100e+04 3.61000e+06 2.92800e-06 1.69048e+18 1.02600e+00 9.66212e-01
-1.10700e+08 1.54400e+04 4.05000e+06 3.21200e-06 1.87404e+18 1.01800e+00 9.76424e-01
-1.16100e+08 1.56700e+04 4.54500e+06 3.52300e-06 2.07734e+18 1.01000e+00 9.86799e-01
-1.21500e+08 1.59100e+04 5.09900e+06 3.86400e-06 2.29968e+18 1.00300e+00 9.96012e-01
-1.27100e+08 1.61600e+04 5.72100e+06 4.23900e-06 2.54755e+18 9.95700e-01 1.00576e+00
-1.32800e+08 1.64100e+04 6.41900e+06 4.64900e-06 2.82180e+18 9.88300e-01 1.01578e+00
-1.50800e+08 1.71900e+04 9.06800e+06 6.13100e-06 3.83125e+18 9.66800e-01 1.04579e+00
-2.12700e+08 1.99100e+04 2.55600e+07 1.39700e-05 9.51325e+18 9.05200e-01 1.13964e+00
-3.19800e+08 2.48700e+04 1.01700e+08 4.07800e-05 3.10694e+19 8.29000e-01 1.27503e+00
-4.68300e+08 3.24600e+04 4.05000e+08 1.14200e-04 9.67352e+19 7.61500e-01 1.41760e+00
-6.83700e+08 4.49600e+04 1.61300e+09 3.04500e-04 2.82977e+20 7.06000e-01 1.55524e+00
-1.01500e+09 6.85200e+04 6.41900e+09 7.54600e-04 7.47151e+20 6.69900e-01 1.65701e+00
